1045
1120
1200
1250
928
1079
1067
1050
983
1105
1183
1002
1053
1214
1080
1016
974
1163
1516
1253
1459
1102
1360
1165
939
1110
1145
977
1258
1285
1106
1159
1032
1144
1152
1316
965
1032
1029
1081
987
1161
1251
981
1061
1225
1133
995
1016
1211
1594
1208
1539
1110
1332
1070
995
1138
1155
960
1256
1306
1126
1110
1065
1161
1102
1205
960
1083
981
1041
962
1066
1167
989
1055
1270
1081
986
992
1120
1577
1191
1430
1079
1356
1101
902
1102
1101
1013
1283
1267
1082
1124
1094
1125
1193
1258
1037
1052
1048
1108
970
1051
1166
1001
976
1279
1113
995
933
1102
1614
1166
1558
1094
1295
1145
937
1093
1117
934
1284
1286
1122
1126
1050
1136
1146
1292
1015
1101
1064
1144
979
1150
1256
991
1033
1288
1164
1005
1079
1196
1673
1166
1517
1116
1407
1102
1043
1126
1115
993
1265
1411
1152
1141
1014
1133
1143
1307
1014
1083
1010
1061
1009
1116
1169
991
1024
1246
1128
932
967
1157
1571
1156
1479
1120
1393
1122
929
1096
1076
996
1297
1312
1116
1170
1053
1136
1211
1284
973
1066
968
1099
1012
1111
1158
967
977
1245
1059
994
1000
1199
1595
1175
1467
1055
1320
1070
976
1098
1108
1034
1278
1264
1166
1143
1104
1202
1158
1258
1048
1038
1006
1077
975
1159
1184
1066
1067
1244
1049
955
964
1169
1588
1225
1483
1044
1338
1019
992
1052
1167
1003
1299
1287
1132
1114
1077
1171
1140
1216
998
1064
988
1037
956
1127
1229
954
1005
1285
1087
1021
992
1187
1558
1193
1449
1122
1304
1130
908
1113
1134
965
1326
1238
1128
1118
1154
1145
1208
1288
1026
1113
954
1092
1040
1147
1243
993
1072
1280
1099
987
1113
1154
1575
1177
1538
1145
1389
1194
987
1146
1059
1054
1275
1309
1125
1161
1039
1163
1156
1288
1011
1116
1060
1108
981
1120
1242
1012
1062
1257
1083
1057
956
1235
1649
1211
1504
1097
1400
1067
937
1129
1131
972
1298
1308
1121
1123
1068
1145
1165
1281
1005
1029
975
1077
1020
1135
1196
1038
1022
1240
1077
956
1030
1199
1604
1234
1541
1107
1248
1160
937
1058
1131
987
1278
1279
1109
1091
1014
1096
1134
1214
953
1042
994
1025
981
1011
1135
963
993
1180
1033
957
907
1088
1544
1167
1445
1110
1276
1094
941
1107
1069
992
1235
1233
1056
1101
1107
1177
1165
1348
1051
1079
1087
1030
1003
1117
1273
1042
1049
1302
1131
1027
1009
1195
1626
1169
1548
1070
1382
1111
1000
1150
1175
1007
1281
1326
1146
1185
1112
1055
1168
1248
1025
1072
1030
1097
985
1034
1245
1008
932
1206
1102
963
1048
1195
1551
1148
1450
1115
1328
1093
975
1109
1075
984
1289
1275
1055
1090
1123
1156
1177
1274
1044
1074
1041
1152
1071
1169
1214
1065
1013
1265
1092
1031
1066
1223
1637
1211
1514
1126
1324
1142
964
1065
1141
1019
1302
1335
1062
1201
1052
1152
1191
1207
985
1006
1037
1047
952
1174
1216
1062
1028
1299
1157
994
1030
1235
1528
1194
1496
1102
1391
1107
997
1104
1154
976
1218
1204
1137
1100
1093
1169
1214
1236
1068
1045
1018
1133
1047
1076
1195
994
1057
1293
1140
1015
1108
1144
1627
1163
1472
1098
1413
1157
969
1042
1164
924
1334
1293
1149
1173
1033
1077
1119
1192
945
1057
952
1048
926
1031
1146
887
969
1199
1042
953
951
1154
1486
1079
1389
1018
1272
1060
909
1054
1052
930
1313
1257
1048
1124
1043
1130
1095
1239
904
1065
1013
1083
938
1057
1231
997
1012
1213
1073
1019
950
1126
1498
1127
1448
1074
1374
1084
967
1043
1156
931
1237
1259
1118
1102
1083
1129
1214
1285
1092
1095
1023
1104
992
1132
1271
1036
1064
1254
1120
982
993
1151
1589
1216
1505
1113
1332
1144
1000
1136
1085
978
1253
1283
1117
1089
1051
1109
1169
1233
1004
1009
1071
1129
986
1082
1161
1034
1003
1247
1039
961
1016
1218
1607
1166
1438
1039
1329
1086
1007
1047
1169
988
1307
1251
1103
1161
1075
1187
1174
1307
1012
1093
1044
1101
981
1059
1216
992
1041
1255
1091
1008
983
1210
1647
1197
1532
1055
1369
1104
1030
1184
1224
939
1336
1326
1130
1156
1087
1146
1131
1209
1002
1090
1025
1076
993
1132
1228
1003
1022
1227
1084
992
1023
1215
1600
1162
1532
1098
1347
1106
1013
1072
1105
1027
1289
1228
1126
1124
1071
1107
1126
1249
949
1068
999
1063
944
1104
1178
972
1002
1174
1082
1024
970
1144
1551
1175
1424
1053
1331
1131
986
1111
1113
941
1257
1257
1127
1142
1076
1100
1130
1218
970
1090
1007
1077
966
1174
1185
1033
982
1302
1048
1011
940
1206
1507
1202
1462
1081
1314
1098
1009
1063
1092
963
1286
1270
1002
1183
1057
1143
1118
1247
1010
1093
1067
1031
1051
1155
1163
1025
996
1308
1122
994
985
1212
1583
1166
1496
1152
1330
1141
930
1128
1132
987
1254
1259
1112
1143
1053
1133
1239
1240
1037
1090
1016
1128
968
1103
1152
1011
1025
1276
1125
1012
952
1201
1572
1212
1426
1050
1340
1184
985
1130
1128
967
1287
1264
1132
1119
1064
1146
1168
1289
1014
979
1085
1118
981
1079
1184
997
1068
1213
1099
977
1002
1173
1595
1188
1523
1110
1348
1113
938
1101
1124
960
1227
1298
1119
1103
1041
1178
1113
1272
969
1018
1008
1102
991
1153
1260
1032
1009
1241
1107
1015
982
1184
1553
1205
1416
1077
1332
1100
994
1119
1091
1011
1299
1263
1073
1098
1075
1187
1163
1279
971
1037
1050
1092
1011
1163
1242
959
1084
1277
1127
1041
1052
1170
1676
1187
1493
1101
1349
1142
968
1132
1156
987
1276
1335
1142
1168
1105
1148
1181
1253
1041
1109
1084
1061
1031
1117
1235
994
1079
1226
1125
1018
987
1180
1630
1188
1467
1042
1340
1187
979
1038
1130
1008
1270
1261
1176
1115
